           1        4462
           2        4737
           3           3
           4        5195
           5          18
           6        3530
           7        3214
           8         130
           9           1
          10           1
          11           1
          12           2
          13           1
          14           6
          15           1
          16           1
          17           5
          18           1
          19           2
          20           1
          21           1
          22           2
          23           2
          24           1
          25           1
          26           1
          27           1
          28           1
          29           2
          30           1
          31           1
          32           1
          33           1
          34          17
          35          12
          36           1
          37           1
          38           1
          39           1
          40          14
          41           1
          42           1
          43           1
          44           4
          45           1
          46           1
          47           1
          48           1
          49           1
          50           6
          51           4
          52           1
          53          74
          54           2
          55           2
          56          12
          57           1
          58           5
          59           1
          60         650
          61           1
          62           2
          63           1
          64           1
          65           1
          66           1
          67         192
          68           1
          69          31
          70           2
          71           1
          72           1
          73           2
          74           1
          75           1
          76           1
          77           1
          78           1
          79          12
          80           1
          81           1
          82           1
          83           1
          84           1
          85           1
          86           1
          87           1
          88           2
          89           1
          90           1
          91          11
          92           1
          93           2
          94           1
          95           4
          96           1
          97           6
          98         397
          99           1
         100           1
         101           3
         102           1
         103           1
         104           2
         105           1
         106           1
         107           1
         108           2
         109           1
         110           2
         111          23
         112           1
         113           1
         114           1
         115           1
         116           1
         117           1
         118           2
         119           1
         120           2
         121          63
         122           1
         123           1
         124           3
         125           2
         126          34
         127           1
         128           1
         129          11
         130           1
         131           1
         132          73
         133           2
         134           1
         135           2
         136           7
         137           1
         138           1
         139           1
         140           7
         141           1
         142           1
         143           1
         144           6
         145           1
         146           1
