           1      354004
           2           3
           3           1
           4           1
           5           1
           6           2
           7           2
           8           2
           9           1
          10           1
          11           1
          12           2
          13           1
          14           1
          15           1
          16           1
          17           1
          18           1
          19           1
          20           1
          21           1
          22           1
          23           1
          24           4
          25           1
          26           1
          27           3
          28           1
          29           1
          30           1
          31           1
          32           1
          33           2
          34           1
          35           1
          36           1
          37           1
          38           1
          39           1
          40           2
          41           1
          42           1
          43           1
          44           1
          45           1
          46           2
          47           1
          48           1
          49           1
          50           1
          51           1
          52           1
          53           1
          54           1
          55           1
          56           3
          57           1
          58           3
          59           2
          60           3
          61           1
          62           1
          63           1
          64           1
          65           1
          66           1
          67           1
          68           1
          69           1
          70           1
          71           2
          72           1
          73           1
          74           2
          75           6
          76           1
          77           2
          78           1
          79           1
          80           1
          81           1
          82           2
          83           1
          84           2
          85           1
          86           1
          87           1
          88           1
          89           1
          90           1
          91           1
          92           1
          93           1
          94           1
          95           1
          96           1
          97           1
          98           1
          99           1
         100           1
         101           1
         102           1
         103           1
         104           1
         105           5
         106           4
         107           1
         108           1
         109           1
         110           1
         111           2
         112           2
         113           1
         114           1
         115           1
         116           2
         117           1
         118           1
         119           1
         120           3
         121           2
         122           1
         123           1
         124           2
         125           1
         126           1
         127           2
         128           1
         129           1
         130           3
         131           3
         132           1
         133           1
         134           1
         135           1
         136           1
         137           2
         138           1
         139           1
         140           1
         141           1
         142           1
         143           2
         144           1
         145           1
         146           1
         147           1
         148           2
         149           1
         150           1
         151           3
         152           1
         153           6
         154           1
         155           1
